%Developed by Pablo Vicente-Munuera

%Headers = Basal EdgeTransition, Apical EdgeTransition, Basal angle, Apical angle
dataNoTrans = [53.877	24.195	28.535	23.923
41.374	16.228	17.404	30.994
56.145	37.115	33.354	38.385
50.043	29.169	18.473	39.302
33.897	38.008	53.13	65.85
32.026	21.212	11.969	24.168
25.985	15.569	21.519	22.968
31.437	18.645	38.728	25.621
37.757	18.236	26.173	36.334
21.238	22.895	80.584	83.282
47.482	26.7	29.404	38.173
17.926	9.089	39.806	16.732
41.821	21.409	48.273	42.418
38.362	32.521	52.683	60.822
31.512	20.168	12.071	28.287
61.574	42.097	21.904	23.084
46.863	36.82	44.373	30.41
57.019	36.963	30.583	34.093
72.816	54.619	29.904	22.159
62.466	24.996	29.121	31.358
44.035	30.683	39.245	26.846
67.425	12.507	13.397	29.444
16.586	22.367	81.144	72.488
26.934	24.659	31.017	40.109
30.628	13.66	18.576	15.305
68.495	17.911	21.842	39.537
49.474	37.042	57.199	77.131
63.263	19.481	33.796	32.689
38.556	19.221	0.398	6.06
34.54	23.474	50.102	50.465
43.522	22.442	17.336	7.01
75.805	45.292	4.9	19.96
72.63	37.766	30.158	38.866
78.405	44.241	17.374	19.707
74.965	49.821	18.357	20.882
70.081	66.067	45.091	38.773
76.411	36.135	14.171	11.789
73.919	58.331	30.798	28.235
61.568	40.4	7.647	10.767
92.468	64.343	15.914	20.295
11.982	11.041	51.738	64.44
48.561	45.531	56.382	65.586
60.435	50.139	19.504	15.514
46.415	19.819	14.949	23.681
11.783	23.057	78.215	67.728
36.804	20.623	41.82	44.989
81.239	75.434	29.689	20.795
82.861	34.1	34.166	19.781
64.211	42.705	6.68	11.911
93.739	63.975	5.543	5.961
55.77	32.171	36.187	17.51
65.536	58.847	23.787	24.881
98.79	33.68	4.755	12.661
73.046	43.052	15.47	27.249
42.449	34.71	30.466	33.289
65.571	66.096	21.548	24.114
69.411	44.035	24.869	21.025
75.188	55.633	12.868	15.267
29.851	40.933	53.372	44.961
56.576	44.561	29.94	31.288
85.189	59.912	21.819	20.466
77.73	29.638	10.029	11.986
68.204	22.597	24.564	18.357
57.938	43.085	50.791	44.574
82.496	43.81	11.156	5.794
21.912	41.148	40.168	44.459
68.609	48.449	28.072	16.974
102.653	67.15	23.692	21.252
61.93	20.241	2.932	10.153
96.148	65.485	16.23	15.614
79.767	36.293	7.443	19.946
84.034	49.317	14.021	12.416
111.632	26.864	2.897	15.699
31.258	43.29	62.477	37.712
10.542	33.43	50.77	33.338
39.203	46.539	34.634	31.612
75.31	55.635	2.445	2.816
41.872	52.72	21.406	20.791
61.91	23.969	10.207	11.098
28.851	45.758	53.228	34.944
67.487	60.373	50.919	17.341
24.273	33.229	48.322	31.778
26.136	43.406	47.712	11.909
60.095	57.877	29.763	29.502
106.061	36.934	1.993	4.126
10.621	21.014	39.858	50.125
98.978	40.843	13.488	22.717
41.98	16.712	35.208	55.765
41.972	37.898	46.413	49.84
49.474	32.975	15.764	20.819
17.109	20.272	61.218	77.837
54.403	51.195	10.095	2.036
35.023	29.534	70.202	59.475
38.86	13.737	4.634	14.402
35.757	27.113	36.967	34.181
34.637	25.022	15.03	7.859
53.733	46.787	46.975	45.546
70.896	56.868	37.312	26.118
40.756	36.643	41.662	46.563
80.278	73.521	4.05	2.426
45.33	45.26	49.114	46.515
28.323	14.261	6.582	8.205
37.548	36.316	43.514	38.385
61.342	43.977	5.189	4.42
49.685	47.872	49.325	49.897
62.305	28.382	5.375	9.193
68.807	35.047	10.213	23.123
92.048	45.726	42.215	28.807
57.841	31.889	27.537	32.517
35.386	35.91	79.679	58.873
61.396	37.11	12.881	8.673
85.403	41.374	25.065	18.284
70.716	46.05	7.522	6.493
28.212	43.198	76.386	50.143
77.614	62.868	15.6	16.145
55.434	44.724	20.668	24.331
88.755	35.261	5.733	10.701
73.894	27.043	4.808	14.977
58.929	9.066	19.369	2.285
74.572	42.39	14.911	18.06
51.943	30.187	18.757	27.229
81.218	54.226	4.017	6.785
65.609	25.783	14.843	7.907
51.757	26.95	39.724	43.503
37.565	19.427	24.084	9.837
33.58	21.083	65.092	59.223
31.229	23.993	18.429	23.748
60.698	51.846	39.373	25.776
45.923	10.539	28.103	3.597
34.72	44.111	85.478	66.466
36.079	17.612	23.369	16.51
56.808	53.187	23.476	16.751
43.918	46.915	44.982	36.26
56.808	40.534	25.881	26.349
70.85	69.138	23.94	25.334
58.592	50.53	34.865	11.784
42.137	39.536	31.687	32.752
52.209	20.04	19.033	30.945
16.51	22.462	72.547	83.937
31.757	26.296	37.551	35.058
33.928	17.438	17.723	23.488
64.269	18.402	18.712	31.997
52.201	38.845	59.624	59.755
63.778	30.935	29.684	23.497
39.123	29.956	7.751	10.211
26.958	23.993	50.482	54.633
43.968	22.762	12.419	7.456
57.819	34.522	32.71	46.985
29.284	24.385	23.162	21.167
28.909	22.479	31.654	37.225
40.139	21.37	49.002	34.494
50.431	43.29	32.785	32.801
21.978	8.597	42.722	36.591
16.459	11.617	32.935	49.086
14.671	7.807	26.648	14.036
17.884	16.576	68.839	58.194
37.478	23.877	19.014	9.502
19.379	13.37	69.146	79.265
28.85	15.979	31.226	37.054
25.029	13.703	9.71	30.832
28.083	12.914	11.529	7.992
41.217	23.393	5.712	10.621
44.868	21.46	28.55	35.061
18.388	15.722	13.98	11.554
50.747	47.088	30.28	28.684
46.015	24.193	15.092	19.707
25.426	16.356	34.162	31.845
32.604	20.3	41.624	49.696
41.034	43.377	8.969	12.098
39.588	23.393	13.772	18.414
59.765	36.704	17.745	4.766
47.364	41.567	29.578	13.427
40.692	42.432	45.145	34.533
31.134	23.454	31.664	29.966
26.131	23.021	47.923	55.491
23.342	18.914	10.429	9.946
44.26	28.841	18.949	21.404
15.883	8.641	74.851	19.983
14.773	22.783	89.812	78.759
39.021	31.766	13.65	29.064
7.915	8.077	28.393	39.004
13.801	18.645	30.964	16.504
15.82	8.395	2.138	19.457
12.888	6.267	15.255	16.699
35.952	29.572	41.797	36.97
31.162	18.946	20.638	15.23
35.883	17.425	34.778	37.118
25.842	23.503	51.116	77.367
36.137	10.493	14.77	18.322
28.592	18.237	71.246	62.987
47.956	36.169	31.914	28.16
41.738	30.269	54.083	55.225
27.22	13.801	22.036	28.216
57.374	61.325	26.34	25.706
26.057	22.056	11.921	10.526
49.623	57.437	16.871	20.463
17.942	17.326	56.207	58.411
57.325	34.237	9.305	18.09
61.675	51.529	34.42	43.724
61.998	34.143	36.174	27.877
29.563	18.026	19.747	21.63
21.094	11.347	46.18	61.144
12.664	6.676	37.405	35.78
31.082	21.182	17.021	30.729
30.817	18.351	58.325	50.469
25.93	27.073	35.379	43.443
75.663	56.879	10.697	13.647
79.91	64.646	37.806	33.275
59.984	58.048	26.777	21.772
34.148	25.581	25.143	27.345
20.994	29.812	46.646	48.052
45.544	32.012	6.749	9.21
34.811	17.899	11.464	24.047
54.079	49.761	18.037	26.565
21.31	37.038	71.231	76.033
69.83	45.124	21.448	36.029
21.708	21.611	10.93	19.675
59.355	50.852	41.748	25.794
78.065	59.699	17.56	24.587
57.616	45.799	54.502	55.803
73.124	23.584	39.724	30.611
69.27	53.512	21.452	20.661
18.893	21.532	34.963	13.01
49.381	49.836	72.485	77.85
26.492	24.758	28.293	24.28
34.377	21.656	21.179	32.605
35.229	15.017	5.519	12.529
52.683	42.811	18.435	7.837
41.185	20.885	2.999	6.593
65.342	30.262	33.176	26.475
39.916	33.639	25.874	32.116
57.85	31.15	48.013	38.76
53.825	31.365	43.287	29.944
68.035	29.127	16.66	25.201
31.904	35.035	42.332	27.076
23.956	19.587	72.831	47.038
25.047	14.094	47.406	18.155
73.396	37.408	7.639	15.766
45.846	15.702	13.491	7.799
43.566	17.068	23.083	23.422
38.301	27.067	28.902	41.003
28.25	15.46	64.288	81.468
71.904	28.531	7.413	11.239
35.148	18.998	14.245	19.906
56.155	29.764	12.264	14.036
44.157	31.844	45.744	42.945
49.811	24.868	20.609	17.589
46.637	27.154	22.325	19.524
32.686	28.944	47.103	36.867
25.684	10.277	11.654	8.357
32.904	24.071	33.949	36.593
30.106	5.188	3.237	5.476
33.282	21.016	58.515	41.257
68.287	41.327	17.666	32.299
68.431	81.256	43.962	40.048
10.261	10.407	76.894	72.52
91.057	36.748	18.927	36.038
52.954	36.148	32.502	40.179
52.643	46.313	4.439	2.697
86.65	40.89	32.311	60.078
66.344	32.85	47.552	73.616
10.694	32.284	9.078	5.429
61.343	38.001	27.09	49.527
82.604	50.716	26.906	37.096
85.25	58.38	27.744	16.818
59.336	50.683	9.52	9.097
91.907	72.831	28.47	25.841
57.842	78.653	54.036	31.574
45.054	69.088	64.376	37.673
59.882	28.134	5.16	20.047
96.662	59.08	7.645	11.602
76.578	52.893	29.645	25.988
92.366	38.898	38.715	34.628
77.986	24.946	30.141	19.349
64.591	48.442	49.341	40.229
44.398	19.552	5.472	4.87
33.219	30.979	14.403	10.918
72.338	34.52	14.826	4.133
37.81	32.401	72.238	72.63
67.034	38.787	18.006	22.718
33.176	29.856	26.929	29.416
83.325	30.832	12.529	50.783
24.966	24.294	64.364	75.841
56.333	43.559	32.825	43.565
71.34	23.913	4.802	1.359
73.099	19.117	7.404	32.38
40.643	40.954	57.872	64.827
88.896	35.434	3.397	9.312
