%% WT transition

%Gastrulation embryo
angleGast_Tran=[11.54	19.25	28.16	18.88	17.53	4.76	12.02	8.24	10.68	6.84	1.71	32.07	26.16	8.13	6.12	11.78	14.04	14.67	20.25	2.96	41.52	20.42	14.04	33.00	5.44	6.20	24.23	10.01	2.73];
angleGast_NoTran=[73.39	6.89	6.91	77.19	6.71	55.80	3.08	79.08	78.83	61.34	71.77	64.80	5.36	69.90	74.71	53.33	7.41	89.01	77.19	39.76	67.25	73.92	42.83	77.60	63.68	37.50	7.27	74.08	6.59	33.46	81.49	88.75	62.34	4.29	7.48	87.66	79.38	85.75	68.99];
lengthEdgeGast_Tran=[3.39	3.62	4.30	3.40	3.31	2.55	1.92	2.86	2.22	2.70	1.50	4.77	1.37	2.02	1.75	3.43	2.98	1.24	3.17	3.25	3.32	2.30	1.77	3.72	2.84	6.14	3.43	2.19	3.65];
lengthEdgeGast_NoTran=[1.15	4.33	3.93	1.37	4.89	4.00	6.23	1.83	1.88	0.78	2.90	2.28	4.17	2.98	4.17	2.91	4.59	2.10	2.13	1.75	4.29	2.47	2.38	3.55	2.22	3.36	6.67	2.17	4.99	2.39	3.10	1.87	2.85	3.88	1.81	1.35	1.90	1.64	1.92];


%eggchamber stage 8
angleEggChamberStage8_Tran=[59.7440000000000 49.3990000000000 15.2550000000000 0 21.0380000000000 37.8750000000000 0 50.1900000000000 42.7100000000000 0 14.0360000000000 2.86200000000000 20.5560000000000 7.12500000000000 19.4400000000000 8.53100000000000 88.2640000000000 7.59500000000000 8.13000000000000 53.1300000000000 37.8750000000000 3.18000000000000 60.9450000000000 26.5650000000000 90 0 63.4350000000000 28.1130000000000 55.4910000000000 83.6600000000000 30.4660000000000 15.9450000000000 3.36600000000000 2.49000000000000 58.3920000000000 77.9050000000000 54.4620000000000 47.7260000000000 41.9870000000000 16.9280000000000 79.6950000000000 24.7750000000000];
angleEggChamberStage8_NoTran=[10.6200000000000 76.4300000000000 74.7450000000000 46.4690000000000 0 3.27000000000000 83.6600000000000 46.0050000000000 53.6160000000000 17.5260000000000 4.05500000000000 11.3100000000000 2.72600000000000 33.6900000000000 76.7590000000000 25.2010000000000 71.5650000000000 5.04200000000000 17.5260000000000 8.13000000000000 3.36600000000000 10.9540000000000 17.6500000000000 9.46200000000000 56.3100000000000 56.5290000000000 79.9900000000000 42.4170000000000 65.3230000000000 74.3980000000000 74.7780000000000 80.6090000000000 88.3510000000000 15.2720000000000 43.9050000000000 78.9300000000000 86.9780000000000 64.1790000000000 22.8810000000000 88.0910000000000 22.4790000000000 10.9540000000000 90 84.5600000000000 4.08600000000000 56.3100000000000 57.5290000000000 26.5650000000000 84.5600000000000 16.9280000000000 69.1460000000000 60.6420000000000 90 28.0720000000000 2.72600000000000 14.9310000000000 10.0080000000000 86.1860000000000 81.2540000000000];
lengthEdgeEggChamberStage8_Tran=[3.09000000000000 1.81800000000000 2.69000000000000 1.41000000000000 2.89800000000000 2.17900000000000 1.06000000000000 1.99000000000000 3.39700000000000 3.35600000000000 1.47500000000000 1.50400000000000 1.98700000000000 2.12900000000000 3.78600000000000 0.937000000000000 1.19700000000000 2.09000000000000 0.703000000000000 2.10600000000000 0.978000000000000 1.12000000000000 3.05000000000000 1.17400000000000 1.51200000000000 1.55000000000000 2.25700000000000 2.22300000000000 3.67300000000000 2.17500000000000 2.23900000000000 2.21800000000000 3.17300000000000 1.01700000000000 1.57200000000000 1.90000000000000 1.00100000000000 2.02100000000000 2.07500000000000 1.49600000000000 1.10000000000000 1.63800000000000];
lengthEdgeEggChamberStage8_NoTran=[6.47500000000000 5.62000000000000 2.68600000000000 5.42300000000000 4.12800000000000 6.55900000000000 3.93400000000000 8.07900000000000 4.82200000000000 4.01600000000000 6.67000000000000 4.39500000000000 7.36800000000000 4.82900000000000 3.07500000000000 5.53200000000000 5.67700000000000 6.75600000000000 6.09400000000000 5.28400000000000 8.05500000000000 7.82000000000000 5.95000000000000 6.77100000000000 4.95300000000000 6.12900000000000 3.73200000000000 2.23200000000000 3.80600000000000 2.55200000000000 2.55200000000000 2.89700000000000 3.53500000000000 4.79000000000000 3.81300000000000 2.81300000000000 2.39300000000000 1.40400000000000 1.91600000000000 1.26200000000000 6.70900000000000 5.27600000000000 2.77700000000000 5.10300000000000 6.63900000000000 2.98100000000000 4.18400000000000 3.47100000000000 2.80600000000000 5.24100000000000 5.08400000000000 4.45900000000000 3.33700000000000 2.20100000000000 2.36000000000000 3.63300000000000 3.96700000000000 1.70900000000000 2.73700000000000];

%eggchamber stage 4
angleEggChamberStage4_Tran=[80.538 36.87 68.199 12.265 71.565 59.036 66.038 18.435 32.005 42.510 5.194 45 82.875 26.565 30.964 0 80.583 48.013 40.601 23.499 59.036 71.710 53.130 80.538 63.435 4.399 53.130 14.036 53.130 6.843 90 64.983 75.964 30.964 86.634 78.690 36.870 14.036 5.711 85.236 29.745 10.491 77.471 39.806 63.435 42.879 52.125 51.340 48.013 90 80.538];
angleEggChamberStage4_NoTran=[40.71 24.74 26.45 77.95 33.94 46.12 36.16 70.68 73.84 50.91 80.43 84.05 35.59 19.36 70.02 48.37 23.24 15.66 17.80 67.97 39.11 30.96 21.43 10.31 38.66 48.01 20.93 29.358 22.93 3.18 34.29 77.47 8.75 19.86 43.152 33.69 8.58 18.435 19.03 65.225 55.49 55.49 19.65 32.905 11.31 4.57 59.04 8.53 39.81 22.834 0.00 36.87 10.49 75.47 80.54 64.44 9.21 74.578 6.582 6.71 85.426 26.57 43.452 87.21 2.86 4.68 31.50 58.00 3.03 82.57 4.32 76.50 85.60 3.27 81.03 38.05 57.27 4.24 9.73 51.95 36.38]; 
lengthEdgeEggChamberStage4_Tran=[1.051 1.976 0.78 2.45 1.035 0.659 0.959 1.017 0.909 1.745 1.481842338 1.697 1.69530558 3.015 1.408 1.785 0.943 2.589 1.424 1.259 1.177 1.205 0.829 1.314 1.041 1.142 0.854 0.944 1.946 1.151 1.078 1.466 0.913 1.146 1.006 1.852 1.267 1.343 1.373 1.541 1.092 1.584 1.559 1.566 1.366 1.601 2.545 0.894 1.456 1.211 1.058];
lengthEdgeEggChamberStage4_NoTran=[4.96 3.94 2.53 5.43 2.95 2.63 3.29 1.58 1.77 1.32 3.02 3.97 3.35 1.43 2.84 2.50 2.58 1.77 2.26 2.73 3.09 2.78 1.57 1.18 3.13 1.12 4.77 2.25 2.77 4.28 4.13 4.09 2.70 3.31 2.33 2.94 6.51 4.52 4.51 4.66 3.70 4.49 5.17 3.10 4.06 2.76 2.63 3.56 4.19 2.738 3.16 2.77 4.30 4.26 5.34 3.59 4.42 4.968 3.978 3.28 4.15 2.24 4.59 1.37 3.20 2.00 3.78 3.11 3.21 1.96 5.46 3.84 3.12 4.82 1.77 3.89 3.18 2.23 5.21 5.16 5.70];

%salivary glands (20X, 40X and 60X)
